3
0
1 1
2 0 2
1 1

3
1
1 1
2 0 2
1 1

3
2
1 1
2 0 2
1 1

4
0
1 1
2 0 2
2 1 3
1 2

4
1
1 1
2 0 2
2 1 3
1 2

4
2
1 1
2 0 2
2 1 3
1 2

4
3
1 1
2 0 2
2 1 3
1 2

4
0
1 1
2 0 2
2 3 1
1 2

4
1
1 1
2 0 2
2 3 1
1 2

4
2
1 1
2 0 2
2 3 1
1 2

4
3
1 1
2 0 2
2 3 1
1 2

5
0
1 1
2 0 2
2 1 3
2 2 4
1 3

5
1
1 1
2 0 2
2 1 3
2 2 4
1 3

5
2
1 1
2 0 2
2 1 3
2 2 4
1 3

5
3
1 1
2 0 2
2 1 3
2 2 4
1 3

5
4
1 1
2 0 2
2 1 3
2 2 4
1 3

5
0
1 1
2 0 2
2 3 1
2 2 4
1 3

5
1
1 1
2 0 2
2 3 1
2 2 4
1 3

5
2
1 1
2 0 2
2 3 1
2 2 4
1 3

5
3
1 1
2 0 2
2 3 1
2 2 4
1 3

5
4
1 1
2 0 2
2 3 1
2 2 4
1 3

5
0
1 1
2 0 2
2 1 3
2 4 2
1 3

5
1
1 1
2 0 2
2 1 3
2 4 2
1 3

5
2
1 1
2 0 2
2 1 3
2 4 2
1 3

5
3
1 1
2 0 2
2 1 3
2 4 2
1 3

5
4
1 1
2 0 2
2 1 3
2 4 2
1 3

20
10
1 1
2 0 2
2 1 3
2 4 2
2 3 5
2 6 4
2 7 5
2 8 6
2 9 7
2 8 10
2 11 9
2 10 12
2 13 11
2 14 12
2 13 15
2 14 16
2 15 17
2 16 18
2 19 17
1 18

20
5
1 1
2 0 2
2 1 3
2 4 2
2 3 5
2 6 4
2 7 5
2 8 6
2 9 7
2 8 10
2 11 9
2 10 12
2 13 11
2 14 12
2 13 15
2 14 16
2 15 17
2 16 18
2 19 17
1 18

20
15
1 1
2 0 2
2 1 3
2 4 2
2 3 5
2 6 4
2 7 5
2 8 6
2 9 7
2 8 10
2 11 9
2 10 12
2 13 11
2 14 12
2 13 15
2 14 16
2 15 17
2 16 18
2 19 17
1 18

20
0
1 1
2 0 2
2 1 3
2 4 2
2 3 5
2 6 4
2 7 5
2 8 6
2 9 7
2 8 10
2 11 9
2 10 12
2 13 11
2 14 12
2 13 15
2 14 16
2 15 17
2 16 18
2 19 17
1 18

20
19
1 1
2 0 2
2 1 3
2 4 2
2 3 5
2 6 4
2 7 5
2 8 6
2 9 7
2 8 10
2 11 9
2 10 12
2 13 11
2 14 12
2 13 15
2 14 16
2 15 17
2 16 18
2 19 17
1 18



20
11
1 1
2 0 2
2 3 1
2 4 2
2 5 3
2 4 6
2 7 5
2 8 6
2 7 8
2 8 10
2 11 9
2 12 10
2 13 11
2 12 14
2 15 13
2 14 16
2 15 17
2 18 16
2 17 19
1 18



20
11
1 1
2 0 2
2 3 1
2 4 2
2 5 3
2 4 6
2 7 5
2 8 6
2 7 8
2 8 10
2 11 9
2 12 10
2 13 11
2 12 14
2 15 13
2 14 16
2 15 17
2 18 16
2 17 19
1 18

20
10
1 1
2 0 2
2 3 1
2 4 2
2 5 3
2 4 6
2 7 5
2 8 6
2 7 8
2 8 10
2 11 9
2 12 10
2 13 11
2 12 14
2 15 13
2 14 16
2 15 17
2 18 16
2 17 19
1 18


20
17
1 1
2 0 2
2 3 1
2 4 2
2 5 3
2 4 6
2 7 5
2 8 6
2 7 8
2 8 10
2 11 9
2 12 10
2 13 11
2 12 14
2 15 13
2 14 16
2 15 17
2 18 16
2 17 19
1 18


20
0
1 1
2 0 2
2 3 1
2 4 2
2 5 3
2 4 6
2 7 5
2 8 6
2 7 8
2 8 10
2 11 9
2 12 10
2 13 11
2 12 14
2 15 13
2 14 16
2 15 17
2 18 16
2 17 19
1 18

20
19
1 1
2 0 2
2 3 1
2 4 2
2 5 3
2 4 6
2 7 5
2 8 6
2 7 8
2 8 10
2 11 9
2 12 10
2 13 11
2 12 14
2 15 13
2 14 16
2 15 17
2 18 16
2 17 19
1 18

12
4
1 1
2 0 2
2 1 3
2 4 2
2 3 5
2 6 4
2 7 5
2 8 6
2 7 9
2 8 10
2 11 9
1 10


0
